
Inversor: 1.53278e-15 
Nand:     2.50163e-15 
Xnor:     3.94304e-15 
Or:       6.07094e-16 
