               CELL                 SINGLE

PropInv       = 1.96501e-11     2.07945e-11  
PropOr        = 6.48631e-11     8.80751e-11  
PropNand      = 2.92905e-11     2.52986e-11

InvRise       = 1.45e-11        1.38806e-11
NandFall      = 3.6031e-11      2.26971e-11 
OrRise        = 3.56002e-11     1.51417e-11 ****

InvFall       = 1.02303e-11     1.12042e-11 
NandRise      = 2.74484e-11     1.71652e-11
OrFall        = 4.5367e-11      2.3576e-11  **** 

